0 2363291
1 150666
2 98083
3 88916
4 108917
5 92750
6 86333
7 92667
8 100167
9 212042
10 69875
11 75667
12 83084
13 86916
14 85333
15 93583
16 89041
17 70250
18 75333
19 76792
20 112208
21 121459
22 120916
23 112875
24 185583
25 117000
26 72625
27 79708
28 75208
29 75917
30 90292
31 71167
32 75542
33 77875
34 81459
35 72334
36 184375
37 108416
38 86833
39 74666
40 80458
41 78792
42 72958
43 71750
44 72958
45 75625
46 70042
47 74000
48 86083
49 71833
50 80833
51 70917
52 78750
53 71167
54 75667
55 69083
56 80042
57 75708
58 88416
59 69542
60 82833
61 599167
62 84833
63 100083
64 84333
65 112625
66 91541
67 71250
68 83750
69 69167
70 75709
71 82500
72 88542
73 78417
74 84167
75 110708
76 138875
77 125958
78 130792
79 139458
80 104791
81 127542
82 124208
83 102417
84 106500
85 135208
86 93666
87 101000
88 91583
89 85250
90 83000
91 95584
92 78750
93 98458
94 93750
95 79833
96 94792
97 95917
98 81542
99 119541
0 3471250
1 105167
2 82209
3 110666
4 85125
5 79709
6 90125
7 92083
8 186792
9 109500
10 87417
11 86625
12 86584
13 72833
14 88125
15 76333
16 220709
17 82958
18 68833
19 54959
20 65000
21 66041
22 85542
23 80167
24 129750
25 92625
26 90667
27 79792
28 70750
29 68375
30 79500
31 83750
32 68667
33 144750
34 84000
35 81542
36 77375
37 79541
38 76708
39 63709
40 67667
41 77708
42 81417
43 68833
44 86792
45 86333
46 75583
47 82375
48 67833
49 70917
50 67458
51 209292
52 108042
53 69917
54 74792
55 76958
56 74375
57 74834
58 63917
59 68667
60 167375
61 88958
62 86000
63 73084
64 72625
65 65958
66 72917
67 115625
68 92667
69 81750
70 74959
71 94875
72 70792
73 98667
74 96125
75 112917
76 106792
77 90125
78 85167
79 139375
80 81417
81 87083
82 102959
83 83916
84 102916
85 80667
86 71167
87 62166
88 60084
89 75959
90 79167
91 136584
92 123166
93 89292
94 75791
95 102041
96 67291
97 94625
98 120375
99 110334
