0 3123542
1 842875
2 905375
3 962000
4 805792
5 878333
6 904083
7 846709
8 1136625
9 1596667
10 977958
11 763292
12 919542
13 716500
14 738875
15 727000
16 776084
17 765750
18 700250
19 756167
20 1778500
21 966125
22 920875
23 904084
24 815000
25 626333
26 705042
27 795958
28 664458
29 843583
30 823333
31 645250
32 769500
33 589625
34 667375
35 798166
36 653000
37 742375
38 772625
39 827583
40 1525916
41 798250
42 716708
43 743834
44 749458
45 2277958
46 945916
47 796292
48 884459
49 682959
50 757208
51 1859708
52 785333
53 679125
54 670833
55 722750
56 810500
57 973916
58 906334
59 785708
60 785542
61 773417
62 972000
63 1001708
64 682542
65 758584
66 779625
67 975125
68 832792
69 782917
70 713875
71 705500
72 1562958
73 867417
74 705042
75 696917
76 706583
77 832167
78 737834
79 883500
80 681167
81 848959
82 1040625
83 650375
84 671208
85 670291
86 751209
87 736333
88 586708
89 625125
90 661875
91 1202000
92 618417
93 589500
94 605792
95 636708
96 1913042
97 684792
98 761125
99 922500
0 3260583
1 865375
2 779250
3 782666
4 740333
5 798792
6 806375
7 781583
8 844584
9 1131792
10 1185667
11 796625
12 868584
13 854250
14 713208
15 685500
16 703291
17 827917
18 621041
19 678709
20 590125
21 802667
22 821834
23 2106458
24 1300375
25 1198042
26 837458
27 843709
28 744084
29 775209
30 758166
31 777042
32 908834
33 2050375
34 1067542
35 1249625
36 913584
37 998958
38 993125
39 1047250
40 1013542
41 957625
42 1210542
43 1273083
44 1190750
45 1502834
46 2634167
47 951750
48 840042
49 1142833
50 755416
51 739417
52 1276666
53 4063583
54 2238084
55 1097167
56 1161750
57 1158750
58 991917
59 994042
60 1174875
61 720625
62 867000
63 727875
64 682916
65 1046875
66 2065750
67 1680375
68 998000
69 664417
70 1184750
71 825792
72 637042
73 596834
74 546500
75 562125
76 601541
77 698500
78 766958
79 1053792
80 630750
81 630667
82 738041
83 589417
84 556750
85 719333
86 666833
87 694459
88 574125
89 531875
90 511000
91 579500
92 561459
93 789041
94 672625
95 575125
96 847416
97 624375
98 617291
99 611500
