0 3272750
1 963959
2 864083
3 1149541
4 772000
5 841792
6 944125
7 893625
8 749084
9 1244917
10 1835709
11 932500
12 888584
13 779000
14 822250
15 743792
16 720042
17 768375
18 786709
19 746333
20 798500
21 699292
22 819625
23 861834
24 843167
25 965875
26 764000
27 2125750
28 798250
29 722916
30 774375
31 1391375
32 761667
33 756000
34 799083
35 587000
36 609250
37 654375
38 650000
39 578166
40 610041
41 564334
42 1561583
43 892583
44 692792
45 779708
46 858083
47 730916
48 854750
49 855750
50 775375
51 901250
52 745083
53 794042
54 725500
55 934209
56 883292
57 820458
58 2051250
59 942250
60 858666
61 732583
62 835417
63 768625
64 894000
65 832916
66 911584
67 802500
68 770125
69 1126833
70 1842333
71 976666
72 749916
73 770375
74 1026667
75 861708
76 866292
77 826666
78 757333
79 686667
80 737542
81 620875
82 753625
83 783458
84 692625
85 755958
86 892042
87 772333
88 672500
89 629666
90 731750
91 687166
92 642500
93 652208
94 756458
95 677667
96 703333
97 658667
98 744208
99 1528542
0 3154875
1 944167
2 883167
3 792708
4 775875
5 711458
6 690084
7 665209
8 833958
9 1233000
10 1442583
11 779416
12 821167
13 698750
14 742000
15 726667
16 624084
17 759875
18 845292
19 760375
20 765959
21 806875
22 728333
23 2165625
24 1018167
25 1615416
26 804041
27 800334
28 762166
29 721500
30 702459
31 747334
32 747250
33 715083
34 649750
35 848750
36 819875
37 748167
38 874333
39 778458
40 765625
41 719166
42 694250
43 684291
44 761916
45 882375
46 874000
47 939917
48 734500
49 976167
50 851750
51 907541
52 706333
53 771792
54 704416
55 782542
56 956208
57 1213000
58 946708
59 923125
60 857209
61 1207083
62 1637458
63 1081334
64 873959
65 776208
66 690375
67 732333
68 611584
69 626042
70 591125
71 689916
72 515833
73 793500
74 593875
75 709708
76 1846166
77 881041
78 581167
79 679042
80 759041
81 690708
82 813417
83 684292
84 765167
85 914042
86 642583
87 623917
88 797417
89 791875
90 734333
91 706292
92 695708
93 577375
94 504375
95 669084
96 588333
97 596500
98 663584
99 1279792
