0 2261917
1 2125875
2 59542
3 58792
4 54334
5 61833
6 54916
7 52666
8 53333
9 55917
10 50875
11 1077083
12 79458
13 79917
14 83625
15 74292
16 59208
17 62250
18 65042
19 57541
20 55833
21 1032667
22 59750
23 63208
24 60791
25 74208
26 61917
27 66625
28 63083
29 74042
30 65417
31 984709
32 56500
33 62416
34 62333
35 57542
36 62166
37 58917
38 61958
39 54875
40 56708
41 1016041
42 63500
43 63125
44 59459
45 57791
46 65917
47 58458
48 58084
49 61750
50 64083
51 1007708
52 79166
53 62958
54 72166
55 59541
56 57583
57 60458
58 58292
59 67458
60 50333
61 878250
62 55791
63 58541
64 56292
65 54208
66 62583
67 59375
68 59834
69 56709
70 57291
71 911042
72 59541
73 56916
74 67625
75 58750
76 58292
77 60000
78 61167
79 54708
80 59542
81 1080208
82 60792
83 70500
84 68458
85 64833
86 61542
87 59709
88 54250
89 67500
90 59917
91 1611917
92 71458
93 68917
94 84209
95 78625
96 57500
97 64208
98 90583
99 57333
0 2189125
1 1779250
2 59458
3 57334
4 57375
5 58250
6 58709
7 60417
8 58458
9 62125
10 58416
11 1164750
12 62416
13 98375
14 83000
15 78708
16 68583
17 75875
18 88625
19 86709
20 58834
21 802916
22 60667
23 59542
24 60209
25 53750
26 54917
27 63833
28 61000
29 64000
30 58833
31 1134834
32 63958
33 62375
34 61500
35 71166
36 58917
37 60291
38 61584
39 55250
40 68792
41 876709
42 61333
43 60292
44 55000
45 63667
46 66792
47 59208
48 60833
49 64333
50 59500
51 993875
52 56541
53 59708
54 61667
55 55208
56 56250
57 56958
58 68916
59 63209
60 57708
61 896458
62 62209
63 61667
64 58416
65 56291
66 65958
67 56333
68 69708
69 62334
70 58042
71 896375
72 56458
73 61209
74 60083
75 55291
76 58458
77 76250
78 61792
79 58292
80 60417
81 845333
82 53833
83 64917
84 69084
85 56625
86 54542
87 55042
88 62625
89 60833
90 60834
91 1039417
92 56708
93 59375
94 61417
95 55000
96 56500
97 71500
98 66625
99 58250
