0 3556125
1 974583
2 971375
3 771792
4 880500
5 811042
6 742583
7 827041
8 2657500
9 847000
10 735167
11 840041
12 867292
13 852916
14 794875
15 901916
16 910375
17 881458
18 735250
19 702416
20 798125
21 868000
22 1039209
23 1156833
24 1311041
25 956958
26 821708
27 883709
28 906583
29 895084
30 1023375
31 739083
32 861333
33 800833
34 1564041
35 991083
36 3160958
37 845334
38 997750
39 824125
40 746042
41 775333
42 837916
43 770875
44 878167
45 2426250
46 853542
47 902834
48 872625
49 889000
50 771250
51 838750
52 915250
53 1021250
54 741250
55 691750
56 728625
57 1011709
58 1062667
59 955666
60 1394750
61 927125
62 928000
63 673708
64 1036750
65 1135667
66 885541
67 983250
68 1109458
69 1241209
70 1504125
71 1111458
72 1016083
73 925875
74 1027125
75 1100209
76 1148417
77 972334
78 1077791
79 2667959
80 4511042
81 1388250
82 1834750
83 1548708
84 1482834
85 897708
86 698792
87 742542
88 1693042
89 2074875
90 1445000
91 985667
92 1071500
93 805459
94 866917
95 633167
96 713333
97 619250
98 813875
99 682084
0 4080458
1 1214709
2 1706792
3 1574666
4 1090042
5 962292
6 934250
7 892959
8 2843667
9 1127250
10 802584
11 780833
12 947125
13 699375
14 768500
15 786083
16 764917
17 761459
18 761708
19 761459
20 833000
21 784584
22 918834
23 914625
24 1391333
25 1336333
26 808500
27 787334
28 945000
29 1098500
30 814875
31 799500
32 914292
33 872334
34 655375
35 752125
36 625791
37 673292
38 882250
39 786875
40 759041
41 1630708
42 1119084
43 765792
44 735667
45 658666
46 705541
47 638083
48 600125
49 678500
50 625250
51 1671375
52 690458
53 716000
54 569083
55 697375
56 629000
57 592084
58 656666
59 740500
60 591333
61 637458
62 586125
63 525542
64 636625
65 627125
66 587000
67 649375
68 732708
69 588500
70 633208
71 627958
72 607791
73 626208
74 637209
75 794333
76 778250
77 785583
78 807583
79 670458
80 621000
81 731291
82 756625
83 649458
84 700792
85 780083
86 738292
87 662084
88 674250
89 917750
90 669250
91 585542
92 826042
93 862000
94 641334
95 577959
96 827792
97 577959
98 760416
99 561583
