0 3236667
1 910709
2 874667
3 897500
4 2282541
5 1682750
6 1004708
7 863458
8 844333
9 948750
10 883500
11 787750
12 1585708
13 986958
14 722125
15 790000
16 740541
17 791375
18 1532625
19 802292
20 742333
21 778625
22 897167
23 853875
24 807500
25 767583
26 767625
27 2084583
28 870750
29 874917
30 917000
31 867292
32 927958
33 1053125
34 854583
35 701459
36 945834
37 845833
38 821125
39 878708
40 2694834
41 947167
42 776625
43 798375
44 809833
45 1112958
46 977333
47 966959
48 830166
49 798833
50 889917
51 934084
52 876125
53 1212833
54 1093709
55 885958
56 1056083
57 915666
58 970458
59 958416
60 1043459
61 785500
62 832334
63 1050666
64 774417
65 792500
66 789666
67 965708
68 862875
69 730667
70 757375
71 697250
72 938959
73 856375
74 1070208
75 889625
76 805041
77 738750
78 704792
79 695875
80 755541
81 856334
82 1271125
83 746292
84 677000
85 722083
86 763417
87 795208
88 926709
89 737583
90 802208
91 2049250
92 726916
93 630416
94 617416
95 672459
96 947709
97 784334
98 667125
99 731292
0 3378834
1 913167
2 876125
3 892916
4 845708
5 3156875
6 1062875
7 839500
8 923166
9 917875
10 795208
11 824834
12 915666
13 1140083
14 780792
15 882542
16 772792
17 755000
18 960084
19 890166
20 675417
21 748000
22 846500
23 814625
24 735542
25 702333
26 744750
27 1520375
28 808958
29 713584
30 692209
31 764834
32 766833
33 791417
34 779667
35 1568750
36 1050584
37 826208
38 836167
39 831500
40 790333
41 724250
42 731542
43 914791
44 875125
45 1986750
46 770041
47 957250
48 879750
49 879541
50 759875
51 789875
52 1118583
53 808958
54 947500
55 814000
56 780625
57 732875
58 791125
59 874000
60 907459
61 790083
62 836500
63 989208
64 867792
65 860375
66 1192375
67 1217666
68 937791
69 891875
70 849625
71 917791
72 1173459
73 1157958
74 831875
75 781291
76 1026708
77 827791
78 718417
79 1047334
80 1027625
81 713917
82 684708
83 711042
84 680792
85 1141125
86 878750
87 793666
88 761333
89 668750
90 863542
91 835584
92 940875
93 836459
94 672125
95 688667
96 1906291
97 1202208
98 655542
99 819333
