0 2257375
1 2036917
2 63166
3 57584
4 52958
5 56750
6 58166
7 57375
8 52584
9 58083
10 57458
11 882083
12 65375
13 59708
14 63542
15 56042
16 59542
17 57833
18 60917
19 58959
20 56500
21 963000
22 56375
23 61083
24 56875
25 61125
26 56708
27 62500
28 64167
29 57333
30 58542
31 1007208
32 60666
33 60291
34 59167
35 57708
36 60334
37 58125
38 57333
39 58958
40 57292
41 1059709
42 63375
43 58166
44 64125
45 58459
46 57250
47 59792
48 57292
49 57250
50 60250
51 1002833
52 64459
53 60792
54 60709
55 59500
56 58500
57 58125
58 60000
59 64792
60 57375
61 964666
62 64500
63 62041
64 57917
65 60292
66 58250
67 56584
68 59542
69 58208
70 56042
71 2214125
72 89958
73 69708
74 62667
75 62625
76 63916
77 283875
78 63209
79 59084
80 63375
81 1210000
82 63208
83 64750
84 59750
85 63083
86 64500
87 64125
88 65542
89 61625
90 59958
91 1114791
92 69042
93 62792
94 58084
95 60292
96 58917
97 58000
98 58916
99 58792
0 2258083
1 1879667
2 61416
3 55875
4 51458
5 52666
6 53417
7 52500
8 51875
9 54167
10 51541
11 1799750
12 71541
13 63916
14 64375
15 57625
16 60625
17 57750
18 59875
19 58167
20 56000
21 837125
22 60334
23 59750
24 57416
25 57958
26 56042
27 59917
28 58000
29 56708
30 58500
31 1046833
32 99959
33 91750
34 99584
35 95041
36 97583
37 96834
38 92917
39 99333
40 92791
41 1200042
42 99625
43 95750
44 98916
45 96000
46 92458
47 93709
48 92500
49 94917
50 96791
51 1092458
52 102625
53 119833
54 114833
55 104667
56 94750
57 106792
58 100292
59 92500
60 97917
61 1108125
62 101375
63 107334
64 111584
65 99625
66 93000
67 96375
68 96791
69 97417
70 97334
71 3179083
72 117667
73 109666
74 97375
75 96666
76 97166
77 95958
78 95292
79 98125
80 93042
81 1421209
82 96875
83 99791
84 97500
85 92625
86 94375
87 99417
88 97083
89 98458
90 97750
91 940208
92 68250
93 63542
94 45958
95 44250
96 46750
97 42708
98 45208
99 48250
