0 2088292
1 1939375
2 56708
3 58625
4 60209
5 55833
6 55750
7 53209
8 51250
9 55917
10 53125
11 1014542
12 67083
13 63667
14 56625
15 59792
16 58667
17 56125
18 60583
19 58209
20 57084
21 1026792
22 64583
23 50000
24 61208
25 58167
26 57208
27 59917
28 58167
29 55666
30 59292
31 1130250
32 63875
33 61833
34 59458
35 62916
36 65292
37 62500
38 55584
39 60333
40 57541
41 985292
42 63542
43 59042
44 57625
45 59250
46 57916
47 56000
48 59208
49 57834
50 55625
51 3287417
52 69708
53 64167
54 60208
55 62958
56 59959
57 56667
58 59417
59 59458
60 55667
61 993625
62 64000
63 59333
64 60667
65 61916
66 58375
67 60750
68 58791
69 56167
70 57667
71 928208
72 61542
73 57750
74 60084
75 56625
76 60334
77 57000
78 57250
79 57792
80 56875
81 999291
82 103750
83 59416
84 62167
85 60709
86 57041
87 56917
88 56500
89 56709
90 57125
91 817125
92 57708
93 59583
94 58125
95 57291
96 56083
97 57541
98 57167
99 56959
0 2105625
1 1854166
2 57375
3 56667
4 54959
5 50875
6 52833
7 54042
8 50000
9 54625
10 53542
11 1055208
12 65917
13 60625
14 56708
15 59667
16 62000
17 56125
18 57875
19 56750
20 56333
21 1267916
22 59542
23 59917
24 60417
25 58959
26 55208
27 65333
28 61500
29 57833
30 61583
31 1125625
32 60459
33 60167
34 59250
35 57375
36 59000
37 59000
38 55917
39 59708
40 57542
41 1109834
42 64833
43 49500
44 57792
45 59792
46 58000
47 58958
48 60125
49 58333
50 56875
51 2452125
52 63000
53 64875
54 57916
55 62208
56 58541
57 57500
58 59916
59 57917
60 55083
61 1050750
62 62708
63 56709
64 60958
65 58583
66 57084
67 56542
68 56541
69 60416
70 55666
71 1241000
72 234916
73 112416
74 120375
75 75333
76 60375
77 56416
78 59250
79 61292
80 62583
81 910833
82 83959
83 61709
84 56833
85 57042
86 56542
87 56209
88 57458
89 55209
90 55750
91 959917
92 62542
93 57333
94 63917
95 62333
96 56375
97 61417
98 57958
99 58541
